33,4
33,3
0,493
0,490
0,489
26,4
26,5
0,522
0,521
0,520
0,519
0,518
0,516
33,65
0,485
0,514
0,482
0,479
0,513
0,478
0,477
0,511
0,510
24,4
0,475
0,472
27,3
28,3
29,3
28,5
24,3
0,508
25,5
25,4
25,3
23,35
0,566
0,299
0,298
0,297
65,3
65,2
0,289
65,1
65,0
0,288
64,5
64,4
64,3
64,2
0,286
64,1
64,0
0,285
0,284
63,4
63,3
63,2
0,283
63,1
63,0
0,282
0,281
62,3
62,2
0,280
62,1
62,0
0,277
61,5
61,4
61,3
61,2
0,9
0,274
61,1
61,0
0,311
0,310
60,5
60,4
60,3
60,2
60,1
60,0
14,1
14,10
14,2
14,0
0,309
0,307
59,7
59,6
59,5
59,4
59,3
59,2
0,305
59,1
59,0
0,303
0,301
0,272
0,271
58,6
58,5
58,4
58,3
58,2
0,12
0,275
0,276
0,300
58,1
58,0
23,2
23,0
0,293
0,291
0,290
0,1
0,565
0,287
57,3
57,2
57,1
57,0
0,268
0,267
0,266
0,265
0,264
0,263
0,262
0,261
0,260
0,259
0,258
0,257
0,256
0,255
0,254
0,253
0,252
0,251
0,250
0,249
0,248
0,247
0,246
0,245
0,244
0,242
0,241
0,240
0,239
0,238
0,237
0,236
0,235
0,234
0,233
0,232
0,231
0,230
0,229
0,228
0,227
0,226
0,225
0,224
0,223
0,222
0,221
0,220
0,219
0,218
0,217
0,216
0,215
0,214
0,213
0,212
0,211
0,210
0,209
0,208
0,207
0,206
0,205
0,204
0,203
0,202
0,201
0,200
0,199
0,198
0,197
0,196
0,195
0,194
0,193
0,192
0,63
0,62
0,61
0,60
0,59
0,58
0,57
0,546
